5
[320, 321], [321, 322], [325, 326], [327, 328], [328, 329], [331, 332], [335, 336], [340, 341], [341, 342], [343, 344], [344, 345], [350, 351], [353, 354], [354, 355], [355, 356], [356, 357], [357, 358], [359, 360], [361, 362], [362, 363]

23
note
    (55, 56),
    (82, 83),
    (83, 84),
    (90, 91),
    (96, 97),
    (100, 101),
    (105, 106),
    (107, 108)
page
    (50, 51),
    (52, 53),
    (53, 54),
    (55, 56),
    (61, 62),
    (62, 63),
    (63, 64),
    (69, 70),
    (70, 71),
    (74, 75),
    (76, 77),
    (77, 78),
    (79, 80),
    (81, 82),
    (84, 85),
    (88, 89),
    (93, 94),
    (95, 96),
    (96, 97),
    (97, 98),
    (101, 102),
    (104, 105),
    (107, 108)



263
14,15
36,37
37,38
65,66
86,87
157,158
166,167
172,173
173,174
174,175
198,199
214,215
244,245
245,246
249,250
325,326
334,335
343,344
385,386
411,412
413,414
425,426
441,442
474,475
500,501

262
22,23
28,29
31,32
133,134
176,177
177,178
179,180
185,186
187,188
243,244
245,246
256,257
260,261
282,283
287,288
308,309
373,374
382,383
430,431
432,433
433,434
450,451
463,464
473,474
489,490
549,550
552,553
555,556
561,562
577,578
586,587

261
24,25
72,73
76,77
83,84
99,100
103,104
110,111
126,127
129,130
151,152
154,155
201,202
285,286
382,383



